# ALLOWED_MISMATCH 4
# MIN_MATCH_LENGTH 30
	ADRM1	AP2B1	ARL2	BCL2L2	BIK	BNIP3	BNIP3L	BRMS1	BTG1	CCL14	CCND2	CCND3	CDK4	CDK6	CDKN1A	CDKN2D	CEP55	CNOT7	CTBP1	DAPK1	DDX39A	DMRTB1	EIF4EBP2	EXOSC1	EXOSC5	FHL3	GAA	IGF2	IKZF1	IKZF5	KLF3	LSM2	LSM3	Lam	MME	MORF4L1	MRFAP1	MRFAP1L1	MTA1	NMI	OR10AG1	PCNA	PIAS1	PLEKHG7	PPID	PSMC1	PSMC2	PSMD2	PSMD5	QKI	RBBP4	RBBP8	RBFOX2	RBPMS	REEP2	RING1	RYBP	S100A1	S100B	S100P	SARNP	SH3GLB1	SH3GLB2	SNX32	STMN2	STX4	SUPT4H1	SUPT5H	TEX11	TOPBP1	TSG101	UBE2I	UCHL5	VAMP2	VAMP3	WDR7	largeT	p53
ADRM1	3	0	444	0	397	168	12	1885	757	0	1372	2716	506	656	1375	594	56	111	13	537	223	76	369	162	567	757	729	983	2	0	158	644	736	277	0	514	1315	1397	1404	299	1447	0	706	0	699	452	801	289	104	29	954	91	15	35	258	469	1355	53	29	235	2287	69	638	2334	772	24	1762	149	836	721	382	10	1	0	0	0	132	0
AP2B1	2	0	9	0	36	104	52	142	82	1	66	285	26	57	31	112	0	13	0	37	59	1	44	41	35	5	83	21	26	0	52	52	71	3	0	27	29	147	65	14	70	0	57	0	76	59	8	13	23	1	15	1	54	11	72	16	30	1	0	40	232	37	7	84	20	1	101	108	12	53	44	0	55	0	0	0	9	0
ARL2	259	0	3	0	207	96	19	870	234	61	500	542	271	258	709	327	19	139	0	221	53	56	306	157	328	401	331	412	8	0	79	461	261	28	0	170	458	472	389	87	742	0	220	0	253	412	607	56	136	12	253	0	10	9	271	78	385	3	80	260	1000	48	233	494	263	11	366	141	281	70	49	0	318	0	0	0	66	0
BCL2L2	420	0	380	17	113	102	7	563	682	49	944	1121	453	227	528	422	22	35	0	286	66	57	647	92	301	164	201	588	55	0	0	571	343	279	0	391	1112	613	417	82	1211	0	183	0	292	176	545	429	153	24	433	15	28	12	223	379	478	7	24	132	2152	28	362	772	335	0	1489	282	385	276	66	32	796	0	0	0	119	0
BIK	488	6	671	2	0	207	24	1493	524	45	629	1544	195	358	1083	429	30	61	0	352	62	51	346	34	421	802	273	512	23	0	77	355	357	56	6	265	597	759	445	136	1018	32	547	0	374	354	796	705	143	132	326	0	23	22	253	216	485	0	17	223	2203	12	465	1837	585	20	1231	125	384	373	122	1	764	0	0	0	351	0
BNIP3	318	0	687	0	206	1	109	1210	547	52	952	1908	482	498	539	330	0	47	0	407	45	34	334	142	365	321	187	409	0	0	0	972	430	44	0	305	623	728	815	124	1576	0	378	0	944	279	715	376	189	107	498	37	25	49	90	253	713	48	0	223	2335	61	246	1370	726	29	1831	106	376	602	103	26	1063	0	0	0	188	0
BNIP3L	388	3	774	0	352	89	0	1376	1035	72	1296	1379	476	567	1426	692	13	75	0	484	55	22	395	223	525	546	290	1047	0	0	147	876	598	104	0	402	924	806	529	176	1596	11	698	0	1058	450	1061	662	342	68	570	73	1	37	306	500	749	87	17	230	2073	27	571	1771	1121	26	2022	228	362	775	79	30	1073	0	0	0	133	0
BRMS1	557	0	596	0	336	135	18	82	1006	85	1229	1728	770	758	1314	518	13	39	0	912	81	39	470	173	645	462	358	1206	7	0	44	778	979	189	0	337	859	931	631	110	1546	9	586	0	665	532	1099	483	211	41	663	17	6	72	279	675	642	81	16	191	2558	13	705	1430	956	0	1126	162	386	457	210	1	1387	0	0	0	316	0
BTG1	150	0	374	0	165	55	37	1090	116	11	800	796	259	505	486	329	0	39	0	183	80	69	308	18	354	308	119	493	37	0	27	673	566	133	0	177	526	520	512	50	1301	0	499	0	547	764	512	359	169	42	630	3	27	89	209	96	272	0	9	148	1555	23	61	1248	508	7	635	96	313	366	169	36	218	0	0	0	96	0
CCL14	336	1	402	25	210	171	32	714	587	2	1227	968	328	200	1189	204	36	49	5	182	89	34	243	153	468	346	317	504	34	0	0	631	313	364	0	169	551	358	687	50	1648	0	668	0	473	534	391	354	109	85	377	2	0	47	112	132	498	45	0	112	1680	42	260	1180	749	3	1077	63	303	318	76	30	990	0	0	0	37	0
CCND2	737	10	986	0	326	137	109	1591	989	134	2	2335	584	183	897	673	19	293	0	417	389	203	574	370	752	1313	556	987	52	0	86	788	1466	516	15	426	1242	1684	771	335	1751	0	813	0	734	768	1405	371	506	140	1350	0	83	60	556	395	864	113	7	546	2407	275	798	1783	1302	38	2775	281	793	684	342	8	1162	0	0	0	76	0
CCND3	918	0	1110	0	406	341	55	2102	764	71	2031	22	945	187	937	741	50	223	0	486	249	152	417	221	1273	914	567	1476	69	0	67	847	1572	183	0	639	789	1282	894	260	1372	0	970	0	758	1002	1673	622	234	193	445	55	32	73	363	500	1286	54	32	396	2536	161	584	2216	1183	48	1843	308	538	586	328	32	1060	0	0	0	311	0
CDK4	322	0	198	0	213	191	19	956	188	2	845	860	2	323	193	0	7	202	1	120	99	115	311	104	264	667	182	353	0	0	35	223	552	100	0	226	415	717	418	115	226	0	237	0	244	518	360	169	41	60	272	0	46	70	271	74	312	40	42	205	726	26	662	558	373	0	472	130	407	94	134	10	314	0	0	0	49	0
CDK6	432	0	219	0	143	39	3	671	410	27	80	476	469	3	244	0	13	127	14	99	88	116	161	76	244	295	153	294	32	0	55	229	453	78	0	359	369	655	383	39	434	0	242	0	278	341	479	130	83	53	238	19	44	9	86	68	95	43	0	164	472	53	332	325	209	10	850	40	260	375	87	4	174	0	0	0	171	0
CDKN1A	572	0	444	0	234	55	0	1317	383	12	1291	1618	475	393	5	431	32	74	0	213	150	81	523	147	773	160	247	981	24	0	16	1167	863	31	0	397	1228	701	650	213	1128	2	601	0	462	427	1010	368	254	64	677	13	31	81	273	249	713	100	0	149	1647	34	505	1359	1022	6	1275	231	212	317	197	48	704	0	0	0	87	0
CDKN2D	848	0	421	0	377	341	121	780	482	57	302	1094	0	1	430	0	24	90	0	89	249	302	274	118	580	658	665	507	1	0	84	394	774	226	0	120	446	1067	496	252	680	28	345	0	141	225	697	171	193	170	384	0	2	77	201	178	315	80	19	322	697	158	673	577	428	41	642	306	440	62	324	13	332	0	0	0	20	0
CEP55	248	0	467	0	179	35	42	728	326	37	965	950	257	557	591	304	1	73	0	279	83	27	196	47	273	337	113	543	0	0	23	329	441	98	0	348	1061	388	665	62	1176	0	333	0	452	144	602	163	152	41	529	0	0	9	174	424	620	0	0	99	1308	13	219	590	431	0	1051	107	230	311	137	0	555	0	0	0	194	0
CNOT7	533	17	243	0	281	153	41	940	38	100	912	1379	541	698	398	351	56	3	0	125	155	11	526	51	596	446	246	966	22	0	46	808	625	185	0	307	386	1151	259	206	1380	0	216	0	499	719	667	164	261	108	445	17	0	41	208	122	293	59	33	219	2208	166	597	903	546	0	1453	263	509	179	270	22	842	0	0	0	52	0
CTBP1	162	14	108	0	151	132	4	434	115	1	147	299	185	181	265	183	6	82	0	25	118	44	101	92	324	243	260	546	16	0	131	124	365	62	0	179	248	785	332	61	303	0	100	0	183	160	301	43	9	24	191	52	10	29	185	25	131	14	0	58	398	14	310	357	157	0	215	58	67	37	87	0	131	0	38	0	26	0
DAPK1	229	0	131	0	144	155	12	1040	423	75	623	1053	304	432	742	304	0	101	0	0	158	39	126	100	382	265	349	538	0	0	67	329	197	196	0	270	599	330	418	174	869	0	461	0	683	412	778	333	143	35	441	0	11	32	176	345	590	26	9	95	1370	69	447	811	500	0	996	166	151	240	79	0	486	0	0	0	53	0
DDX39A	696	36	827	0	184	81	83	1631	807	92	1669	799	475	670	1007	386	14	287	0	585	6	139	362	93	553	676	417	543	34	0	36	672	685	187	0	579	977	801	1321	130	1359	29	535	0	729	425	1095	553	297	51	750	12	1	60	278	378	728	130	36	284	2859	26	610	1748	488	0	1321	229	180	525	149	2	1155	0	0	0	125	0
DMRTB1	72	12	100	0	70	52	12	221	23	11	108	192	196	225	21	2	0	15	0	23	74	0	98	35	187	202	67	136	0	0	7	108	284	12	12	65	322	249	193	52	81	15	77	0	79	50	73	6	39	23	96	19	27	28	96	69	117	0	2	50	144	11	67	143	102	0	71	65	107	86	183	0	131	0	0	0	16	0
EIF4EBP2	246	0	255	0	182	96	59	335	151	8	380	379	187	127	338	156	28	38	0	43	151	100	84	211	158	546	342	410	45	0	41	265	355	101	0	258	381	560	230	106	412	0	171	0	100	359	344	115	72	26	300	14	21	0	139	80	247	49	27	72	810	53	274	482	296	0	422	82	204	247	58	2	155	0	0	0	64	0
EXOSC1	297	0	82	0	82	95	28	236	128	17	56	305	277	130	143	324	57	57	0	26	29	47	114	5	60	265	91	383	0	0	24	170	497	26	0	169	226	621	220	178	336	0	106	0	74	114	546	35	30	22	231	0	13	14	103	17	171	22	20	157	450	65	540	154	140	31	165	67	162	64	23	0	121	1	0	0	0	0
EXOSC5	668	0	226	0	129	95	83	1376	187	62	695	606	519	362	647	476	0	229	0	302	181	70	283	34	7	771	225	464	23	0	95	160	832	293	20	239	832	1109	286	436	460	0	377	0	398	396	665	138	57	108	337	0	21	1	254	154	332	109	46	201	1056	153	679	910	122	81	750	123	456	267	264	11	148	0	0	0	84	0
FHL3	859	0	586	0	301	319	110	484	529	68	761	1218	673	403	278	731	94	158	0	88	404	334	438	157	749	29	626	745	52	0	106	547	728	150	12	242	378	1400	310	486	659	44	332	0	412	240	742	202	209	238	439	39	117	75	607	275	311	100	45	588	1115	270	1193	957	823	28	657	408	419	114	484	3	640	0	0	0	32	0
GAA	654	14	765	0	149	301	57	622	274	20	625	1343	447	435	843	522	0	177	0	273	146	115	258	77	671	725	4	660	43	0	63	539	488	251	0	233	1068	887	680	126	520	17	262	0	261	325	656	205	107	59	176	26	23	82	638	126	311	132	21	275	912	0	692	1011	550	0	960	314	333	198	161	0	343	0	0	0	62	0
IGF2	755	11	1004	0	132	111	81	1508	675	64	1368	1849	680	1020	1505	505	68	141	0	594	135	71	535	143	580	1234	306	1	37	0	82	867	738	254	5	356	1212	1075	1337	170	1446	0	810	0	1659	563	1385	569	186	57	1117	42	106	26	574	264	761	73	5	276	2482	121	854	1688	802	7	2428	205	597	615	257	23	1380	0	0	0	289	0
IKZF1	610	17	527	0	301	266	101	1097	338	134	673	1386	503	590	920	604	23	65	0	676	282	178	380	113	513	1151	618	988	3	13	35	586	723	194	0	205	1102	1059	1638	223	1023	0	560	0	428	817	1088	264	109	112	286	62	20	24	500	639	906	105	54	460	1763	96	460	1293	695	57	1364	260	336	267	141	0	583	7	20	0	46	0
IKZF5	350	0	297	0	338	42	20	1142	520	66	244	687	237	452	675	322	0	24	0	378	68	36	178	61	373	243	128	676	0	22	59	376	379	110	37	149	588	507	314	98	1065	0	302	0	143	347	632	322	3	3	357	36	9	54	258	274	259	0	0	98	626	0	161	1183	374	15	1167	145	447	248	52	0	118	0	0	0	62	0
KLF3	288	0	213	0	97	162	31	701	212	5	516	658	340	288	288	221	0	90	0	95	93	35	114	87	287	194	175	233	9	0	0	314	645	103	0	155	368	839	124	119	429	34	157	0	381	758	560	71	35	7	348	7	31	0	137	51	213	24	7	112	611	58	236	507	269	0	205	52	221	145	72	10	237	0	0	0	145	0
LSM2	414	1	336	0	144	109	117	1033	738	98	502	748	267	456	653	121	0	16	0	259	53	30	521	209	539	781	203	352	40	0	22	11	0	264	0	262	541	562	437	205	1301	0	312	0	647	510	962	412	44	10	777	0	10	40	200	103	482	51	23	239	1228	51	461	858	524	26	957	143	372	155	203	0	539	0	0	0	36	0
LSM3	336	0	284	0	255	52	32	1207	525	5	522	672	583	347	499	538	75	146	0	120	99	80	541	219	219	564	244	736	54	34	54	0	1	151	0	287	730	763	551	126	978	15	519	0	242	451	880	216	103	175	444	0	42	21	317	160	226	12	56	190	1170	117	457	558	298	0	769	129	293	83	232	0	578	0	0	0	0	0
Lam	113	0	235	0	20	28	0	388	235	0	434	383	103	372	303	136	0	34	0	100	21	49	91	60	169	142	14	344	1	0	12	155	232	5	22	171	367	116	229	0	246	0	57	0	144	143	245	122	22	4	177	0	0	0	86	200	412	15	27	96	559	6	112	450	116	27	577	49	241	55	37	31	250	0	0	0	28	0
MME	312	33	495	0	212	218	72	530	349	16	663	422	292	275	297	191	13	39	0	100	99	29	173	218	425	414	103	315	0	0	69	571	452	138	1	312	550	809	180	221	302	0	242	0	262	431	572	72	203	174	360	3	42	51	300	146	409	78	0	40	1164	47	284	528	464	11	681	138	234	169	220	0	602	0	0	0	22	0
MORF4L1	259	13	132	0	152	21	25	488	203	3	398	333	289	421	329	131	1	70	0	147	35	29	245	45	172	250	282	199	0	0	60	258	614	317	0	1	25	24	466	57	493	0	78	0	205	398	527	117	114	48	374	41	0	60	82	64	325	22	24	84	927	34	540	517	496	0	560	24	236	194	101	49	597	0	0	0	1	0
MRFAP1	821	0	331	0	264	139	49	1237	618	29	449	1034	759	504	1249	409	14	114	0	178	126	206	579	229	532	791	407	787	4	0	82	745	887	262	32	0	4	325	680	164	1024	0	397	0	380	670	1319	160	131	77	610	30	2	24	358	169	451	36	11	264	1584	124	443	1180	588	3	1259	337	225	151	91	0	535	0	0	0	74	0
MRFAP1L1	834	0	740	0	637	194	32	1636	788	53	1360	1072	736	895	1321	645	70	102	0	334	143	108	466	234	722	830	279	1025	1	0	72	687	1306	326	25	39	541	28	716	250	1398	0	373	0	863	798	1505	196	172	57	514	25	66	62	447	242	325	149	7	274	2014	123	788	1463	931	0	1356	438	695	456	205	14	747	0	0	0	23	0
MTA1	954	16	1013	0	336	120	71	1645	370	48	1439	1407	552	778	1389	695	35	104	0	513	159	168	657	144	552	743	304	828	34	0	59	844	894	270	0	529	1525	1385	3	171	1213	0	349	0	549	416	991	279	192	148	944	59	75	23	329	469	412	135	33	464	2389	119	601	2553	901	2	1262	433	822	544	218	18	583	0	0	0	294	0
NMI	248	0	673	0	363	187	50	781	524	38	1176	870	418	323	745	383	92	117	0	419	69	4	312	124	249	278	221	873	0	0	6	735	459	215	0	231	691	606	500	2	1685	0	376	0	854	388	1264	564	196	8	554	0	38	54	191	443	672	94	1	227	2787	55	49	1510	499	0	1742	121	402	694	52	0	1255	0	0	0	174	0
OR10AG1	309	0	643	0	245	48	33	1329	945	47	1042	1247	264	740	1708	635	22	66	0	493	158	9	380	79	418	366	251	557	21	0	13	1005	453	237	0	526	685	612	626	111	476	2	502	0	858	465	1077	686	142	44	1327	32	29	52	172	446	1020	26	0	168	3789	60	368	1828	1498	0	2227	293	643	615	42	20	1667	16	1	0	217	0
PCNA	133	0	114	0	114	99	36	302	88	49	166	294	202	265	0	310	14	18	0	21	17	23	92	39	101	334	208	292	0	0	34	164	209	84	0	132	393	440	172	67	244	9	156	0	81	234	320	117	56	40	133	26	9	70	67	29	194	31	9	65	310	68	131	289	57	17	224	130	125	62	170	0	85	0	0	0	34	0
PIAS1	387	0	651	0	371	152	23	1978	1088	61	1503	2440	816	760	959	890	66	155	0	549	111	99	587	171	585	580	395	1336	12	0	53	1165	706	235	22	663	780	917	796	302	2271	0	2	0	750	617	1528	471	184	2	390	2	24	9	358	358	903	81	0	195	3706	30	457	2036	887	55	1587	215	213	850	267	0	877	0	0	0	289	0
PLEKHG7	0	0	0	0	0	0	0	0	0	0	0	0	0	0	0	0	0	0	0	0	0	0	0	0	0	0	0	0	0	0	0	0	0	0	0	0	0	0	0	0	0	0	0	0	0	0	0	0	0	0	0	0	0	0	0	0	0	0	0	0	0	0	0	0	0	0	0	0	0	0	0	0	0	0	0	0	0	0
PPID	274	0	505	0	305	175	62	1168	632	74	852	1323	514	386	750	475	12	50	0	385	130	42	415	66	469	196	99	475	64	0	9	863	750	289	0	458	695	772	381	30	2242	0	470	0	34	405	716	463	111	48	1136	6	1	0	139	419	1012	33	0	80	2592	24	243	1083	754	28	2046	24	307	481	202	14	962	1	0	0	244	0
PSMC1	175	0	36	0	53	53	22	286	0	37	45	94	10	23	20	51	0	0	0	43	23	13	90	32	146	190	10	139	0	0	0	22	382	0	0	44	201	375	90	46	10	0	39	0	59	4	40	46	0	31	99	0	0	0	63	43	32	26	9	44	69	36	181	157	7	0	165	74	89	75	52	0	80	0	0	0	0	0
PSMC2	277	0	377	0	126	156	43	1637	467	3	662	856	542	512	1142	354	37	83	0	331	47	27	508	67	279	531	217	603	0	0	88	604	617	347	27	257	850	734	440	61	1365	12	308	0	809	411	14	267	91	30	952	0	28	80	267	274	746	24	0	62	1452	148	508	1124	732	0	1883	136	615	493	177	8	659	0	0	0	50	0
PSMD2	302	0	326	0	166	65	43	696	393	4	276	425	132	459	940	249	0	86	0	174	92	0	206	78	207	349	135	520	0	0	24	310	405	63	0	132	381	249	426	242	726	40	127	0	249	268	490	20	99	14	179	22	59	25	90	165	287	0	18	117	891	17	192	580	359	0	886	118	116	182	166	0	497	0	10	0	13	0
PSMD5	406	20	281	0	337	78	22	637	184	8	125	300	431	298	207	312	0	65	0	65	175	102	320	122	340	651	153	278	47	0	47	314	677	79	0	165	412	970	253	149	284	0	148	0	71	201	129	152	4	81	204	2	38	67	216	116	252	42	76	198	675	83	580	346	72	71	379	229	152	138	150	83	222	0	0	0	0	0
QKI	346	6	436	0	144	130	30	841	463	22	902	660	158	528	528	438	0	88	0	38	71	95	252	54	187	375	85	450	23	0	21	584	555	107	33	274	340	365	339	91	1010	0	479	0	330	367	697	271	138	0	518	0	28	34	179	195	559	56	1	137	1289	57	257	709	613	0	854	123	274	192	85	17	614	0	0	0	213	0
RBBP4	300	17	887	0	238	191	80	1781	1074	25	1662	1547	493	1165	1228	1479	46	235	0	342	150	63	493	168	636	470	192	959	4	0	61	829	1024	322	62	729	1520	873	624	126	1723	0	464	0	967	603	901	381	272	55	20	0	50	12	407	334	891	20	0	254	2468	192	365	1459	1101	0	2256	198	201	582	294	27	1372	0	0	0	111	0
RBBP8	71	0	67	0	0	94	22	295	217	20	190	311	104	197	122	124	0	24	0	51	1	11	210	36	167	104	93	321	0	0	0	211	226	12	0	125	178	285	120	25	268	0	246	0	260	20	289	68	30	15	175	23	1	0	14	105	179	0	0	18	543	0	82	543	202	0	639	14	124	148	0	1	348	0	0	0	64	0
RBFOX2	136	0	227	0	112	79	10	827	556	110	1004	698	447	351	546	147	0	41	0	339	24	9	310	48	125	269	146	447	32	0	27	580	460	96	0	83	275	612	510	44	786	0	212	0	333	138	371	640	60	23	398	0	2	24	84	296	319	59	30	118	973	147	227	789	230	58	796	150	172	223	109	0	673	0	0	0	176	0
RBPMS	1018	0	1018	0	383	273	56	2303	1936	73	2239	2830	878	1654	2634	629	100	211	0	839	74	230	591	450	846	795	357	1232	17	0	137	1375	1630	307	9	718	1504	904	1028	278	4567	0	898	0	1976	998	2214	1250	90	185	1031	22	40	1	437	648	2487	82	14	328	4571	103	568	2806	1619	26	3334	173	471	760	221	11	2421	0	0	0	347	0
REEP2	898	0	1005	0	288	173	99	2463	1170	95	2250	2137	515	838	1659	609	61	145	0	714	158	143	475	63	633	872	262	846	30	0	117	1037	587	258	0	542	1032	912	1292	21	1409	26	641	0	1042	581	1447	728	185	107	1031	7	27	15	3	635	1277	92	1	320	2205	78	783	2820	1021	48	1865	197	496	648	138	0	1004	0	0	0	227	0
RING1	211	0	208	0	91	2	6	305	104	35	285	201	60	229	138	53	1	29	0	98	6	37	59	23	66	248	71	100	0	0	2	38	172	15	0	28	170	97	70	0	401	0	102	0	248	57	255	80	0	5	51	11	0	0	34	0	7	2	0	30	454	32	189	242	92	0	344	25	140	62	33	0	128	0	0	0	20	0
RYBP	316	0	498	0	93	74	0	1335	959	29	1013	1472	295	656	1052	368	8	108	0	577	77	57	453	57	287	563	194	400	0	0	31	480	231	47	0	342	553	925	574	137	1397	0	319	0	784	386	890	378	139	83	486	0	42	29	125	250	5	27	64	250	1790	46	368	1337	592	0	1216	157	516	391	50	0	996	0	0	0	142	0
S100A1	539	0	63	0	249	82	46	401	215	79	147	125	395	200	496	235	5	54	0	89	227	116	167	157	277	689	212	426	18	0	19	205	631	104	21	176	477	732	304	404	164	0	155	0	434	180	448	132	92	80	301	4	55	19	218	56	85	9	62	465	705	7	339	475	183	0	524	171	510	83	19	0	337	0	0	0	123	0
S100B	240	0	70	0	113	102	49	300	214	24	138	307	96	200	141	133	21	0	31	94	107	53	84	110	73	158	172	181	18	0	40	58	266	120	0	127	547	269	278	73	150	22	87	0	26	65	191	64	21	59	104	0	19	4	141	39	94	59	1	210	329	38	159	249	102	0	304	137	221	24	115	0	195	0	0	0	5	0
S100P	333	0	167	0	151	44	45	356	146	17	398	360	189	220	265	242	31	39	0	87	153	76	222	6	219	347	111	384	31	0	0	213	341	61	0	127	588	625	304	96	206	0	171	0	234	288	235	84	30	30	184	5	89	16	75	15	230	114	17	4	465	7	314	419	166	0	274	190	218	136	51	20	99	0	0	0	34	0
SARNP	743	17	896	0	418	141	85	2644	1832	55	2122	2442	785	455	1743	746	70	115	0	738	198	80	784	313	640	829	772	1722	45	36	58	998	1206	646	0	1004	1551	1998	784	267	2917	5	734	0	1670	1048	2252	875	375	122	1608	27	8	133	506	616	1085	136	24	353	27	173	485	2204	1912	0	3082	96	861	944	304	16	1812	13	0	0	362	0
SH3GLB1	234	42	571	0	224	56	36	988	260	0	957	693	449	623	338	481	16	96	50	324	31	35	306	124	417	503	197	509	2	0	16	433	748	90	0	249	732	735	326	105	1012	0	139	0	275	443	944	318	142	32	496	43	35	17	378	263	422	1	12	193	1347	8	569	588	579	0	1122	246	194	215	175	1	556	0	0	0	79	0
SH3GLB2	931	3	587	0	468	98	48	2116	743	32	741	1142	646	605	965	945	32	41	0	560	98	162	871	198	737	839	547	1084	0	0	77	231	1497	519	14	425	1341	1450	1166	169	1896	5	549	0	207	510	1139	179	122	18	248	76	45	42	691	507	622	79	15	427	1806	543	24	1425	466	0	959	319	1054	316	382	36	389	0	0	0	51	0
SNX32	897	15	875	0	447	196	70	1763	645	96	2126	2442	1026	885	1393	748	58	51	0	611	165	115	365	111	989	850	508	1389	0	41	60	978	1251	348	0	510	1539	1549	1557	121	2123	0	473	0	694	632	1831	561	166	54	1004	35	48	33	407	437	1086	120	78	393	2776	20	875	2	1721	40	1966	237	844	570	314	0	1212	0	0	0	125	0
STMN2	224	0	144	13	34	86	9	1299	858	36	755	1122	437	193	1361	244	87	30	0	359	53	65	274	45	206	411	231	785	0	0	23	642	252	236	23	304	810	756	382	166	2039	0	448	0	640	463	1135	515	119	64	403	0	11	37	272	326	575	19	0	131	1384	103	167	855	0	0	1761	89	336	531	140	53	1265	0	0	0	113	0
STX4	431	0	75	0	161	169	57	325	57	59	354	292	134	117	233	315	24	100	0	19	186	123	117	121	400	579	379	286	52	0	50	144	554	166	0	124	435	825	150	174	120	0	136	0	33	249	155	151	235	88	134	59	65	24	293	72	98	104	48	351	390	36	548	385	65	0	167	488	357	185	44	30	166	0	0	0	16	0
SUPT4H1	422	19	830	0	447	150	31	2143	1059	11	1430	1954	855	577	863	571	25	126	0	536	120	37	474	50	658	372	314	1235	4	0	28	974	1087	288	7	295	1223	1801	659	169	2157	0	575	0	992	650	1524	347	132	50	988	0	12	92	259	481	1253	74	0	300	2569	92	474	1773	1355	0	38	20	472	644	123	0	1123	0	1	0	296	0
SUPT5H	153	0	207	0	177	109	111	200	146	7	406	399	292	48	431	308	0	47	0	79	121	23	379	103	259	555	357	442	23	0	34	200	343	70	31	143	243	418	429	37	341	0	183	0	276	99	185	177	81	4	214	17	29	95	116	57	119	26	3	175	151	9	287	371	179	0	135	0	472	140	127	0	342	0	0	0	114	0
TEX11	461	2	170	0	153	332	167	890	252	85	339	679	411	154	154	269	32	97	0	152	233	120	283	134	330	229	291	514	10	0	31	323	404	24	0	108	71	405	438	224	519	0	312	0	262	122	272	128	79	76	334	85	66	184	261	127	64	205	70	237	1106	377	323	629	318	102	271	420	13	423	272	1	552	0	0	0	111	0
TOPBP1	283	0	352	0	261	99	24	693	414	20	556	536	417	458	292	189	62	39	0	164	40	0	198	65	183	252	140	514	0	0	0	574	507	165	33	368	477	519	271	112	691	0	261	0	296	250	573	339	69	17	394	4	1	53	94	176	353	16	62	256	1305	92	141	505	581	0	948	107	250	21	156	6	597	6	0	0	205	0
TSG101	159	0	20	0	152	58	3	334	115	25	84	224	165	124	196	106	39	45	0	62	112	30	79	67	265	237	109	83	0	0	53	51	343	40	22	60	104	393	61	91	73	0	89	0	84	191	67	40	8	35	50	0	0	77	68	59	139	60	30	18	354	83	746	191	95	37	87	54	346	94	0	21	65	0	0	0	0	0
UBE2I	70	0	34	0	14	37	25	163	46	2	46	116	26	62	0	33	0	18	0	27	38	37	0	20	96	58	29	81	0	0	21	21	2	25	0	43	65	196	21	31	70	0	0	0	28	27	32	8	18	16	73	0	12	20	51	7	74	16	0	50	209	2	88	59	10	0	64	120	38	0	35	0	20	0	0	0	33	0
UCHL5	328	0	476	0	136	49	58	1146	521	106	1203	716	294	520	825	517	29	66	0	180	57	21	274	104	257	342	171	703	56	0	41	555	617	185	9	354	742	1016	938	320	1363	7	723	0	565	690	793	537	62	29	560	16	48	87	211	309	886	139	25	109	1684	58	532	1318	1077	0	1634	103	574	421	92	51	6	0	0	0	48	0
VAMP2	629	4	1554	0	321	248	70	2689	1266	22	2539	2952	330	1372	2095	617	28	200	0	808	160	92	654	54	662	901	203	1116	1	0	54	1273	539	475	10	661	1888	1788	703	281	2366	0	1009	0	2063	697	1508	625	273	109	1156	37	28	89	423	708	1385	195	2	198	3853	23	586	2167	1075	3	2630	289	494	883	363	4	1564	77	0	0	202	0
VAMP3	657	19	575	0	301	134	27	1639	655	93	1116	1741	533	633	2054	542	55	115	0	643	225	16	284	158	395	469	233	646	80	0	31	1379	503	208	0	376	1153	846	882	212	2817	0	509	0	1029	487	1147	596	257	79	1160	0	38	18	462	362	769	97	0	190	2228	43	264	2180	952	0	2718	117	360	555	72	6	1179	22	12	0	212	0
WDR7	0	0	0	0	0	0	0	0	0	0	0	0	0	0	0	0	0	0	0	0	0	0	0	0	0	0	0	0	0	0	0	0	0	0	0	0	0	0	0	0	0	0	0	0	0	0	0	0	0	0	0	0	0	0	0	0	0	0	0	0	0	0	0	0	0	0	0	0	0	0	0	0	0	0	0	0	0	0
largeT	93	0	86	0	8	25	0	472	209	68	209	360	101	282	151	197	0	27	0	182	7	22	107	62	127	90	30	214	0	0	1	176	143	0	0	79	192	144	243	0	479	0	120	0	152	113	491	126	1	12	103	0	0	0	34	69	93	0	0	42	161	0	32	177	77	0	450	114	103	121	29	0	157	0	0	0	46	0
p53	159	0	155	0	89	4	0	326	107	5	266	516	36	252	506	19	0	49	0	85	10	0	116	3	185	35	34	130	0	0	42	271	124	89	0	9	99	206	103	37	597	0	47	0	175	42	230	60	20	35	15	0	0	0	95	23	98	0	0	36	869	61	23	321	169	0	578	7	125	83	10	0	266	0	0	0	4	0
